shex ,   1,   1,   1,  1,  1,  1,       419
shacl,   1,   1,   1,  1,  1,  1,     10516
shex ,   1,   5,   1,  1,  1,  1,       565
shacl,   1,   5,   1,  1,  1,  1,     12112
shex ,   1,  10,   1,  1,  1,  1,       544
shacl,   1,  10,   1,  1,  1,  1,     11707
shex ,   1,  50,   1,  1,  1,  1,      1200
shacl,   1,  50,   1,  1,  1,  1,     15119
shex ,   1, 100,   1,  1,  1,  1,      2064
shacl,   1, 100,   1,  1,  1,  1,     16032
shex ,   1, 500,   1,  1,  1,  1,     21287
shacl,   1, 500,   1,  1,  1,  1,     31397
shex ,   1, 1000,   1,  1,  1,  1,    120847
shacl,   1, 1000,   1,  1,  1,  1,     36769
