shex ,   1,   1,   1,  1,  1,  1,       241
shacl,   1,   1,   1,  1,  1,  1,      9768
shex ,   1,   1,   1,  1,  1,  5,       367
shacl,   1,   1,   1,  1,  1,  5,      7921
shex ,   1,   1,   1,  1,  1, 10,       465
shacl,   1,   1,   1,  1,  1, 10,      7647
shex ,   1,   1,   1,  1,  1, 50,       842
shacl,   1,   1,   1,  1,  1, 50,      8411
shex ,   1,   1,   1,  1,  1,100,       761
shacl,   1,   1,   1,  1,  1,100,      6322
shex ,   1,   1,   1,  1,  1,500,      7556
shacl,   1,   1,   1,  1,  1,500,      9550
shex ,   1,   1,   1,  1,  1,1000,     51728
shacl,   1,   1,   1,  1,  1,1000,     11916
