shex ,   1,   1,   1,  1,  1,  1,       228
shacl,   1,   1,   1,  1,  1,  1,      4999
shex ,   5,   1,   1,  1,  1,  1,       166
shacl,   5,   1,   1,  1,  1,  1,      3964
shex ,  10,   1,   1,  1,  1,  1,       217
shacl,  10,   1,   1,  1,  1,  1,      4149
shex ,  50,   1,   1,  1,  1,  1,       147
shacl,  50,   1,   1,  1,  1,  1,      3666
shex , 100,   1,   1,  1,  1,  1,       146
shacl, 100,   1,   1,  1,  1,  1,      3591
shex , 500,   1,   1,  1,  1,  1,       147
shacl, 500,   1,   1,  1,  1,  1,      3561
shex , 1000,   1,   1,  1,  1,  1,       230
shacl, 1000,   1,   1,  1,  1,  1,      4581
shex ,   1,   5,   1,  1,  1,  1,       188
shacl,   1,   5,   1,  1,  1,  1,      3940
shex ,   5,   5,   1,  1,  1,  1,       285
shacl,   5,   5,   1,  1,  1,  1,      4730
shex ,  10,   5,   1,  1,  1,  1,       207
shacl,  10,   5,   1,  1,  1,  1,      4284
shex ,  50,   5,   1,  1,  1,  1,       212
shacl,  50,   5,   1,  1,  1,  1,      4045
shex , 100,   5,   1,  1,  1,  1,       205
shacl, 100,   5,   1,  1,  1,  1,      4225
shex , 500,   5,   1,  1,  1,  1,       180
shacl, 500,   5,   1,  1,  1,  1,      3842
shex , 1000,   5,   1,  1,  1,  1,       239
shacl, 1000,   5,   1,  1,  1,  1,      4465
shex ,   1,  10,   1,  1,  1,  1,       155
shacl,   1,  10,   1,  1,  1,  1,      3745
shex ,   5,  10,   1,  1,  1,  1,       119
shacl,   5,  10,   1,  1,  1,  1,      3974
shex ,  10,  10,   1,  1,  1,  1,       116
shacl,  10,  10,   1,  1,  1,  1,      3150
shex ,  50,  10,   1,  1,  1,  1,       109
shacl,  50,  10,   1,  1,  1,  1,      3054
shex , 100,  10,   1,  1,  1,  1,       106
shacl, 100,  10,   1,  1,  1,  1,      3137
shex , 500,  10,   1,  1,  1,  1,       106
shacl, 500,  10,   1,  1,  1,  1,      3770
shex , 1000,  10,   1,  1,  1,  1,       178
shacl, 1000,  10,   1,  1,  1,  1,      4157
shex ,   1,  50,   1,  1,  1,  1,       202
shacl,   1,  50,   1,  1,  1,  1,      4168
shex ,   5,  50,   1,  1,  1,  1,       186
shacl,   5,  50,   1,  1,  1,  1,      4019
shex ,  10,  50,   1,  1,  1,  1,       185
shacl,  10,  50,   1,  1,  1,  1,      4015
shex ,  50,  50,   1,  1,  1,  1,       187
shacl,  50,  50,   1,  1,  1,  1,      4061
shex , 100,  50,   1,  1,  1,  1,       187
shacl, 100,  50,   1,  1,  1,  1,      4000
shex , 500,  50,   1,  1,  1,  1,       234
shacl, 500,  50,   1,  1,  1,  1,      4012
shex , 1000,  50,   1,  1,  1,  1,       109
shacl, 1000,  50,   1,  1,  1,  1,      3534
shex ,   1, 100,   1,  1,  1,  1,       129
shacl,   1, 100,   1,  1,  1,  1,      4210
shex ,   5, 100,   1,  1,  1,  1,       125
shacl,   5, 100,   1,  1,  1,  1,      2956
shex ,  10, 100,   1,  1,  1,  1,       126
shacl,  10, 100,   1,  1,  1,  1,      2999
shex ,  50, 100,   1,  1,  1,  1,       118
shacl,  50, 100,   1,  1,  1,  1,      2834
shex , 100, 100,   1,  1,  1,  1,       167
shacl, 100, 100,   1,  1,  1,  1,      3849
shex , 500, 100,   1,  1,  1,  1,       197
shacl, 500, 100,   1,  1,  1,  1,      4001
shex , 1000, 100,   1,  1,  1,  1,       192
shacl, 1000, 100,   1,  1,  1,  1,      4121
shex ,   1, 500,   1,  1,  1,  1,       257
shacl,   1, 500,   1,  1,  1,  1,      3791
shex ,   5, 500,   1,  1,  1,  1,       311
shacl,   5, 500,   1,  1,  1,  1,      4134
shex ,  10, 500,   1,  1,  1,  1,       284
shacl,  10, 500,   1,  1,  1,  1,      4307
shex ,  50, 500,   1,  1,  1,  1,       273
shacl,  50, 500,   1,  1,  1,  1,      4276
shex , 100, 500,   1,  1,  1,  1,       261
shacl, 100, 500,   1,  1,  1,  1,      3534
shex , 500, 500,   1,  1,  1,  1,       185
shacl, 500, 500,   1,  1,  1,  1,      3229
shex , 1000, 500,   1,  1,  1,  1,       206
shacl, 1000, 500,   1,  1,  1,  1,      3191
shex ,   1, 1000,   1,  1,  1,  1,       295
shacl,   1, 1000,   1,  1,  1,  1,      3133
shex ,   5, 1000,   1,  1,  1,  1,       284
shacl,   5, 1000,   1,  1,  1,  1,      3612
shex ,  10, 1000,   1,  1,  1,  1,       428
shacl,  10, 1000,   1,  1,  1,  1,      4013
shex ,  50, 1000,   1,  1,  1,  1,       493
shacl,  50, 1000,   1,  1,  1,  1,      3785
shex , 100, 1000,   1,  1,  1,  1,       421
shacl, 100, 1000,   1,  1,  1,  1,      4162
shex , 500, 1000,   1,  1,  1,  1,       445
shacl, 500, 1000,   1,  1,  1,  1,      3692
shex , 1000, 1000,   1,  1,  1,  1,       410
shacl, 1000, 1000,   1,  1,  1,  1,      3997
shex ,   1,   1,   1,  1,  1,  5,       278
shacl,   1,   1,   1,  1,  1,  5,      4592
shex ,   5,   1,   1,  1,  1,  5,       180
shacl,   5,   1,   1,  1,  1,  5,      4111
shex ,  10,   1,   1,  1,  1,  5,       174
shacl,  10,   1,   1,  1,  1,  5,      3685
shex ,  50,   1,   1,  1,  1,  5,       161
shacl,  50,   1,   1,  1,  1,  5,      3630
shex , 100,   1,   1,  1,  1,  5,       154
shacl, 100,   1,   1,  1,  1,  5,      3940
shex , 500,   1,   1,  1,  1,  5,       162
shacl, 500,   1,   1,  1,  1,  5,      3348
shex , 1000,   1,   1,  1,  1,  5,       275
shacl, 1000,   1,   1,  1,  1,  5,      4561
shex ,   1,   5,   1,  1,  1,  5,       207
shacl,   1,   5,   1,  1,  1,  5,      4186
shex ,   5,   5,   1,  1,  1,  5,       209
shacl,   5,   5,   1,  1,  1,  5,      4443
shex ,  10,   5,   1,  1,  1,  5,       211
shacl,  10,   5,   1,  1,  1,  5,      4079
shex ,  50,   5,   1,  1,  1,  5,       217
shacl,  50,   5,   1,  1,  1,  5,      4148
shex , 100,   5,   1,  1,  1,  5,       227
shacl, 100,   5,   1,  1,  1,  5,      3824
shex , 500,   5,   1,  1,  1,  5,       209
shacl, 500,   5,   1,  1,  1,  5,      3888
shex , 1000,   5,   1,  1,  1,  5,       210
shacl, 1000,   5,   1,  1,  1,  5,      3852
shex ,   1,  10,   1,  1,  1,  5,       145
shacl,   1,  10,   1,  1,  1,  5,      3734
shex ,   5,  10,   1,  1,  1,  5,       203
shacl,   5,  10,   1,  1,  1,  5,      4075
shex ,  10,  10,   1,  1,  1,  5,       136
shacl,  10,  10,   1,  1,  1,  5,      3207
shex ,  50,  10,   1,  1,  1,  5,       133
shacl,  50,  10,   1,  1,  1,  5,      3319
shex , 100,  10,   1,  1,  1,  5,       128
shacl, 100,  10,   1,  1,  1,  5,      3206
shex , 500,  10,   1,  1,  1,  5,       133
shacl, 500,  10,   1,  1,  1,  5,      3149
shex , 1000,  10,   1,  1,  1,  5,       126
shacl, 1000,  10,   1,  1,  1,  5,      3042
shex ,   1,  50,   1,  1,  1,  5,       192
shacl,   1,  50,   1,  1,  1,  5,      3943
shex ,   5,  50,   1,  1,  1,  5,       204
shacl,   5,  50,   1,  1,  1,  5,      4006
shex ,  10,  50,   1,  1,  1,  5,       204
shacl,  10,  50,   1,  1,  1,  5,      3951
shex ,  50,  50,   1,  1,  1,  5,       211
shacl,  50,  50,   1,  1,  1,  5,      4245
shex , 100,  50,   1,  1,  1,  5,       239
shacl, 100,  50,   1,  1,  1,  5,      4411
shex , 500,  50,   1,  1,  1,  5,       215
shacl, 500,  50,   1,  1,  1,  5,      4269
shex , 1000,  50,   1,  1,  1,  5,       209
shacl, 1000,  50,   1,  1,  1,  5,      4622
shex ,   1, 100,   1,  1,  1,  5,       257
shacl,   1, 100,   1,  1,  1,  5,      4539
shex ,   5, 100,   1,  1,  1,  5,       246
shacl,   5, 100,   1,  1,  1,  5,      3787
shex ,  10, 100,   1,  1,  1,  5,       225
shacl,  10, 100,   1,  1,  1,  5,      3965
shex ,  50, 100,   1,  1,  1,  5,       246
shacl,  50, 100,   1,  1,  1,  5,      3486
shex , 100, 100,   1,  1,  1,  5,       234
shacl, 100, 100,   1,  1,  1,  5,      4136
shex , 500, 100,   1,  1,  1,  5,       133
shacl, 500, 100,   1,  1,  1,  5,      3293
shex , 1000, 100,   1,  1,  1,  5,       166
shacl, 1000, 100,   1,  1,  1,  5,      3424
shex ,   1, 500,   1,  1,  1,  5,       205
shacl,   1, 500,   1,  1,  1,  5,      3320
shex ,   5, 500,   1,  1,  1,  5,       200
shacl,   5, 500,   1,  1,  1,  5,      3271
shex ,  10, 500,   1,  1,  1,  5,       211
shacl,  10, 500,   1,  1,  1,  5,      3110
shex ,  50, 500,   1,  1,  1,  5,       221
shacl,  50, 500,   1,  1,  1,  5,      3411
shex , 100, 500,   1,  1,  1,  5,       300
shacl, 100, 500,   1,  1,  1,  5,      3875
shex , 500, 500,   1,  1,  1,  5,       294
shacl, 500, 500,   1,  1,  1,  5,      4247
shex , 1000, 500,   1,  1,  1,  5,       323
shacl, 1000, 500,   1,  1,  1,  5,      4192
shex ,   1, 1000,   1,  1,  1,  5,       492
shacl,   1, 1000,   1,  1,  1,  5,      4085
shex ,   5, 1000,   1,  1,  1,  5,       416
shacl,   5, 1000,   1,  1,  1,  5,      4214
shex ,  10, 1000,   1,  1,  1,  5,       423
shacl,  10, 1000,   1,  1,  1,  5,      4145
shex ,  50, 1000,   1,  1,  1,  5,       481
shacl,  50, 1000,   1,  1,  1,  5,      3825
shex , 100, 1000,   1,  1,  1,  5,       472
shacl, 100, 1000,   1,  1,  1,  5,      4083
shex , 500, 1000,   1,  1,  1,  5,       397
shacl, 500, 1000,   1,  1,  1,  5,      4254
shex , 1000, 1000,   1,  1,  1,  5,       479
shacl, 1000, 1000,   1,  1,  1,  5,      4260
shex ,   1,   1,   1,  1,  1, 10,       310
shacl,   1,   1,   1,  1,  1, 10,      4445
shex ,   5,   1,   1,  1,  1, 10,       205
shacl,   5,   1,   1,  1,  1, 10,      4199
shex ,  10,   1,   1,  1,  1, 10,       207
shacl,  10,   1,   1,  1,  1, 10,      4155
shex ,  50,   1,   1,  1,  1, 10,       188
shacl,  50,   1,   1,  1,  1, 10,      3885
shex , 100,   1,   1,  1,  1, 10,       187
shacl, 100,   1,   1,  1,  1, 10,      3377
shex , 500,   1,   1,  1,  1, 10,       209
shacl, 500,   1,   1,  1,  1, 10,      3831
shex , 1000,   1,   1,  1,  1, 10,       184
shacl, 1000,   1,   1,  1,  1, 10,      3360
shex ,   1,   5,   1,  1,  1, 10,       191
shacl,   1,   5,   1,  1,  1, 10,      3728
shex ,   5,   5,   1,  1,  1, 10,       154
shacl,   5,   5,   1,  1,  1, 10,      3574
shex ,  10,   5,   1,  1,  1, 10,       167
shacl,  10,   5,   1,  1,  1, 10,      2916
shex ,  50,   5,   1,  1,  1, 10,       139
shacl,  50,   5,   1,  1,  1, 10,      3519
shex , 100,   5,   1,  1,  1, 10,       175
shacl, 100,   5,   1,  1,  1, 10,      3397
shex , 500,   5,   1,  1,  1, 10,       144
shacl, 500,   5,   1,  1,  1, 10,      3652
shex , 1000,   5,   1,  1,  1, 10,       153
shacl, 1000,   5,   1,  1,  1, 10,      3198
shex ,   1,  10,   1,  1,  1, 10,       146
shacl,   1,  10,   1,  1,  1, 10,      3074
shex ,   5,  10,   1,  1,  1, 10,       152
shacl,   5,  10,   1,  1,  1, 10,      4160
shex ,  10,  10,   1,  1,  1, 10,       227
shacl,  10,  10,   1,  1,  1, 10,      4322
shex ,  50,  10,   1,  1,  1, 10,       251
shacl,  50,  10,   1,  1,  1, 10,      4125
shex , 100,  10,   1,  1,  1, 10,       266
shacl, 100,  10,   1,  1,  1, 10,      4043
shex , 500,  10,   1,  1,  1, 10,       264
shacl, 500,  10,   1,  1,  1, 10,      4259
shex , 1000,  10,   1,  1,  1, 10,       253
shacl, 1000,  10,   1,  1,  1, 10,      4563
shex ,   1,  50,   1,  1,  1, 10,       243
shacl,   1,  50,   1,  1,  1, 10,      3892
shex ,   5,  50,   1,  1,  1, 10,       239
shacl,   5,  50,   1,  1,  1, 10,      4278
shex ,  10,  50,   1,  1,  1, 10,       246
shacl,  10,  50,   1,  1,  1, 10,      4257
shex ,  50,  50,   1,  1,  1, 10,       331
shacl,  50,  50,   1,  1,  1, 10,      4931
shex , 100,  50,   1,  1,  1, 10,       271
shacl, 100,  50,   1,  1,  1, 10,      3950
shex , 500,  50,   1,  1,  1, 10,       287
shacl, 500,  50,   1,  1,  1, 10,      3463
shex , 1000,  50,   1,  1,  1, 10,       195
shacl, 1000,  50,   1,  1,  1, 10,      3406
shex ,   1, 100,   1,  1,  1, 10,       170
shacl,   1, 100,   1,  1,  1, 10,      3355
shex ,   5, 100,   1,  1,  1, 10,       162
shacl,   5, 100,   1,  1,  1, 10,      3341
shex ,  10, 100,   1,  1,  1, 10,       159
shacl,  10, 100,   1,  1,  1, 10,      3063
shex ,  50, 100,   1,  1,  1, 10,       156
shacl,  50, 100,   1,  1,  1, 10,      2948
shex , 100, 100,   1,  1,  1, 10,       158
shacl, 100, 100,   1,  1,  1, 10,      3208
shex , 500, 100,   1,  1,  1, 10,       164
shacl, 500, 100,   1,  1,  1, 10,      3164
shex , 1000, 100,   1,  1,  1, 10,       161
shacl, 1000, 100,   1,  1,  1, 10,      3034
shex ,   1, 500,   1,  1,  1, 10,       213
shacl,   1, 500,   1,  1,  1, 10,      3281
shex ,   5, 500,   1,  1,  1, 10,       328
shacl,   5, 500,   1,  1,  1, 10,      4066
shex ,  10, 500,   1,  1,  1, 10,       358
shacl,  10, 500,   1,  1,  1, 10,      4500
shex ,  50, 500,   1,  1,  1, 10,       321
shacl,  50, 500,   1,  1,  1, 10,      4085
shex , 100, 500,   1,  1,  1, 10,       363
shacl, 100, 500,   1,  1,  1, 10,      3937
shex , 500, 500,   1,  1,  1, 10,       336
shacl, 500, 500,   1,  1,  1, 10,      4178
shex , 1000, 500,   1,  1,  1, 10,       327
shacl, 1000, 500,   1,  1,  1, 10,      4285
shex ,   1, 1000,   1,  1,  1, 10,       449
shacl,   1, 1000,   1,  1,  1, 10,      4129
shex ,   5, 1000,   1,  1,  1, 10,       486
shacl,   5, 1000,   1,  1,  1, 10,      4235
shex ,  10, 1000,   1,  1,  1, 10,       484
shacl,  10, 1000,   1,  1,  1, 10,      4143
shex ,  50, 1000,   1,  1,  1, 10,       483
shacl,  50, 1000,   1,  1,  1, 10,      4091
shex , 100, 1000,   1,  1,  1, 10,       413
shacl, 100, 1000,   1,  1,  1, 10,      4314
shex , 500, 1000,   1,  1,  1, 10,       510
shacl, 500, 1000,   1,  1,  1, 10,      4007
shex , 1000, 1000,   1,  1,  1, 10,       347
shacl, 1000, 1000,   1,  1,  1, 10,      3433
shex ,   1,   1,   1,  1,  1, 50,       719
shacl,   1,   1,   1,  1,  1, 50,      4237
shex ,   5,   1,   1,  1,  1, 50,       475
shacl,   5,   1,   1,  1,  1, 50,      4251
shex ,  10,   1,   1,  1,  1, 50,       448
shacl,  10,   1,   1,  1,  1, 50,      4627
shex ,  50,   1,   1,  1,  1, 50,       701
shacl,  50,   1,   1,  1,  1, 50,      5600
shex , 100,   1,   1,  1,  1, 50,       592
shacl, 100,   1,   1,  1,  1, 50,      5341
shex , 500,   1,   1,  1,  1, 50,       665
shacl, 500,   1,   1,  1,  1, 50,      4262
shex , 1000,   1,   1,  1,  1, 50,       519
shacl, 1000,   1,   1,  1,  1, 50,      4899
shex ,   1,   5,   1,  1,  1, 50,       390
shacl,   1,   5,   1,  1,  1, 50,      3727
shex ,   5,   5,   1,  1,  1, 50,       489
shacl,   5,   5,   1,  1,  1, 50,      3946
shex ,  10,   5,   1,  1,  1, 50,       440
shacl,  10,   5,   1,  1,  1, 50,      4303
shex ,  50,   5,   1,  1,  1, 50,       574
shacl,  50,   5,   1,  1,  1, 50,      4984
shex , 100,   5,   1,  1,  1, 50,       560
shacl, 100,   5,   1,  1,  1, 50,      4756
shex , 500,   5,   1,  1,  1, 50,       610
shacl, 500,   5,   1,  1,  1, 50,      4270
shex , 1000,   5,   1,  1,  1, 50,       460
shacl, 1000,   5,   1,  1,  1, 50,      4000
shex ,   1,  10,   1,  1,  1, 50,       412
shacl,   1,  10,   1,  1,  1, 50,      3868
shex ,   5,  10,   1,  1,  1, 50,       399
shacl,   5,  10,   1,  1,  1, 50,      3529
shex ,  10,  10,   1,  1,  1, 50,       373
shacl,  10,  10,   1,  1,  1, 50,      3403
shex ,  50,  10,   1,  1,  1, 50,       629
shacl,  50,  10,   1,  1,  1, 50,      5105
shex , 100,  10,   1,  1,  1, 50,       541
shacl, 100,  10,   1,  1,  1, 50,      4974
shex , 500,  10,   1,  1,  1, 50,       620
shacl, 500,  10,   1,  1,  1, 50,      4829
shex , 1000,  10,   1,  1,  1, 50,       498
shacl, 1000,  10,   1,  1,  1, 50,      4749
shex ,   1,  50,   1,  1,  1, 50,       396
shacl,   1,  50,   1,  1,  1, 50,      4469
shex ,   5,  50,   1,  1,  1, 50,       425
shacl,   5,  50,   1,  1,  1, 50,      3659
shex ,  10,  50,   1,  1,  1, 50,       426
shacl,  10,  50,   1,  1,  1, 50,      3516
shex ,  50,  50,   1,  1,  1, 50,       591
shacl,  50,  50,   1,  1,  1, 50,      4621
shex , 100,  50,   1,  1,  1, 50,       595
shacl, 100,  50,   1,  1,  1, 50,      5036
shex , 500,  50,   1,  1,  1, 50,       584
shacl, 500,  50,   1,  1,  1, 50,      4756
shex , 1000,  50,   1,  1,  1, 50,       515
shacl, 1000,  50,   1,  1,  1, 50,      3785
shex ,   1, 100,   1,  1,  1, 50,       439
shacl,   1, 100,   1,  1,  1, 50,      4397
shex ,   5, 100,   1,  1,  1, 50,       419
shacl,   5, 100,   1,  1,  1, 50,      3530
shex ,  10, 100,   1,  1,  1, 50,       405
shacl,  10, 100,   1,  1,  1, 50,      3531
shex ,  50, 100,   1,  1,  1, 50,       406
shacl,  50, 100,   1,  1,  1, 50,      4012
shex , 100, 100,   1,  1,  1, 50,       593
shacl, 100, 100,   1,  1,  1, 50,      4855
shex , 500, 100,   1,  1,  1, 50,       655
shacl, 500, 100,   1,  1,  1, 50,      5101
shex , 1000, 100,   1,  1,  1, 50,       611
shacl, 1000, 100,   1,  1,  1, 50,      4734
shex ,   1, 500,   1,  1,  1, 50,       682
shacl,   1, 500,   1,  1,  1, 50,      3920
shex ,   5, 500,   1,  1,  1, 50,       528
shacl,   5, 500,   1,  1,  1, 50,      4252
shex ,  10, 500,   1,  1,  1, 50,       500
shacl,  10, 500,   1,  1,  1, 50,      3814
shex ,  50, 500,   1,  1,  1, 50,       503
shacl,  50, 500,   1,  1,  1, 50,      3488
shex , 100, 500,   1,  1,  1, 50,       493
shacl, 100, 500,   1,  1,  1, 50,      3458
shex , 500, 500,   1,  1,  1, 50,       726
shacl, 500, 500,   1,  1,  1, 50,      4866
shex , 1000, 500,   1,  1,  1, 50,       673
shacl, 1000, 500,   1,  1,  1, 50,      4487
shex ,   1, 1000,   1,  1,  1, 50,       834
shacl,   1, 1000,   1,  1,  1, 50,      4898
shex ,   5, 1000,   1,  1,  1, 50,       827
shacl,   5, 1000,   1,  1,  1, 50,      4824
shex ,  10, 1000,   1,  1,  1, 50,       855
shacl,  10, 1000,   1,  1,  1, 50,      4140
shex ,  50, 1000,   1,  1,  1, 50,       626
shacl,  50, 1000,   1,  1,  1, 50,      3903
shex , 100, 1000,   1,  1,  1, 50,       589
shacl, 100, 1000,   1,  1,  1, 50,      3730
shex , 500, 1000,   1,  1,  1, 50,       550
shacl, 500, 1000,   1,  1,  1, 50,      3536
shex , 1000, 1000,   1,  1,  1, 50,       573
shacl, 1000, 1000,   1,  1,  1, 50,      4582
shex ,   1,   1,   1,  1,  1,100,       940
shacl,   1,   1,   1,  1,  1,100,      5896
shex ,   5,   1,   1,  1,  1,100,      1029
shacl,   5,   1,   1,  1,  1,100,      5906
shex ,  10,   1,   1,  1,  1,100,      1061
shacl,  10,   1,   1,  1,  1,100,      5657
shex ,  50,   1,   1,  1,  1,100,      1013
shacl,  50,   1,   1,  1,  1,100,      5887
shex , 100,   1,   1,  1,  1,100,       953
shacl, 100,   1,   1,  1,  1,100,      6111
shex , 500,   1,   1,  1,  1,100,      1034
shacl, 500,   1,   1,  1,  1,100,      4730
shex , 1000,   1,   1,  1,  1,100,       748
shacl, 1000,   1,   1,  1,  1,100,      5464
shex ,   1,   5,   1,  1,  1,100,       823
shacl,   1,   5,   1,  1,  1,100,      4482
shex ,   5,   5,   1,  1,  1,100,       654
shacl,   5,   5,   1,  1,  1,100,      4122
shex ,  10,   5,   1,  1,  1,100,       583
shacl,  10,   5,   1,  1,  1,100,      4905
shex ,  50,   5,   1,  1,  1,100,       804
shacl,  50,   5,   1,  1,  1,100,      5756
shex , 100,   5,   1,  1,  1,100,       945
shacl, 100,   5,   1,  1,  1,100,      5521
shex , 500,   5,   1,  1,  1,100,       759
shacl, 500,   5,   1,  1,  1,100,      4750
shex , 1000,   5,   1,  1,  1,100,       661
shacl, 1000,   5,   1,  1,  1,100,      4434
shex ,   1,  10,   1,  1,  1,100,       683
shacl,   1,  10,   1,  1,  1,100,      4180
shex ,   5,  10,   1,  1,  1,100,       650
shacl,   5,  10,   1,  1,  1,100,      4013
shex ,  10,  10,   1,  1,  1,100,       768
shacl,  10,  10,   1,  1,  1,100,      5000
shex ,  50,  10,   1,  1,  1,100,       920
shacl,  50,  10,   1,  1,  1,100,      5193
shex , 100,  10,   1,  1,  1,100,      1031
shacl, 100,  10,   1,  1,  1,100,      5616
shex , 500,  10,   1,  1,  1,100,       629
shacl, 500,  10,   1,  1,  1,100,      4399
shex , 1000,  10,   1,  1,  1,100,       649
shacl, 1000,  10,   1,  1,  1,100,      4749
shex ,   1,  50,   1,  1,  1,100,       698
shacl,   1,  50,   1,  1,  1,100,      4181
shex ,   5,  50,   1,  1,  1,100,       697
shacl,   5,  50,   1,  1,  1,100,      3800
shex ,  10,  50,   1,  1,  1,100,       871
shacl,  10,  50,   1,  1,  1,100,      5420
shex ,  50,  50,   1,  1,  1,100,      1033
shacl,  50,  50,   1,  1,  1,100,      5108
shex , 100,  50,   1,  1,  1,100,       872
shacl, 100,  50,   1,  1,  1,100,      5553
shex , 500,  50,   1,  1,  1,100,       727
shacl, 500,  50,   1,  1,  1,100,      4906
shex , 1000,  50,   1,  1,  1,100,       748
shacl, 1000,  50,   1,  1,  1,100,      4109
shex ,   1, 100,   1,  1,  1,100,       633
shacl,   1, 100,   1,  1,  1,100,      4209
shex ,   5, 100,   1,  1,  1,100,       611
shacl,   5, 100,   1,  1,  1,100,      5023
shex ,  10, 100,   1,  1,  1,100,      1058
shacl,  10, 100,   1,  1,  1,100,      5239
shex ,  50, 100,   1,  1,  1,100,       899
shacl,  50, 100,   1,  1,  1,100,      5305
shex , 100, 100,   1,  1,  1,100,       911
shacl, 100, 100,   1,  1,  1,100,      5345
shex , 500, 100,   1,  1,  1,100,      1042
shacl, 500, 100,   1,  1,  1,100,      4298
shex , 1000, 100,   1,  1,  1,100,       691
shacl, 1000, 100,   1,  1,  1,100,      4036
shex ,   1, 500,   1,  1,  1,100,       681
shacl,   1, 500,   1,  1,  1,100,      3936
shex ,   5, 500,   1,  1,  1,100,       676
shacl,   5, 500,   1,  1,  1,100,      4436
shex ,  10, 500,   1,  1,  1,100,       872
shacl,  10, 500,   1,  1,  1,100,      5262
shex ,  50, 500,   1,  1,  1,100,       917
shacl,  50, 500,   1,  1,  1,100,      5064
shex , 100, 500,   1,  1,  1,100,      1215
shacl, 100, 500,   1,  1,  1,100,      5191
shex , 500, 500,   1,  1,  1,100,       835
shacl, 500, 500,   1,  1,  1,100,      4674
shex , 1000, 500,   1,  1,  1,100,       840
shacl, 1000, 500,   1,  1,  1,100,      4018
shex ,   1, 1000,   1,  1,  1,100,       824
shacl,   1, 1000,   1,  1,  1,100,      3777
shex ,   5, 1000,   1,  1,  1,100,       782
shacl,   5, 1000,   1,  1,  1,100,      4816
shex ,  10, 1000,   1,  1,  1,100,      1134
shacl,  10, 1000,   1,  1,  1,100,      5019
shex ,  50, 1000,   1,  1,  1,100,      1145
shacl,  50, 1000,   1,  1,  1,100,      5156
shex , 100, 1000,   1,  1,  1,100,      1193
shacl, 100, 1000,   1,  1,  1,100,      5324
shex , 500, 1000,   1,  1,  1,100,      1131
shacl, 500, 1000,   1,  1,  1,100,      4749
shex , 1000, 1000,   1,  1,  1,100,       842
shacl, 1000, 1000,   1,  1,  1,100,      4355
shex ,   1,   1,   1,  1,  1,500,      5437
shacl,   1,   1,   1,  1,  1,500,      6169
shex ,   5,   1,   1,  1,  1,500,      4843
shacl,   5,   1,   1,  1,  1,500,      7094
shex ,  10,   1,   1,  1,  1,500,      7679
shacl,  10,   1,   1,  1,  1,500,      8825
shex ,  50,   1,   1,  1,  1,500,      7598
shacl,  50,   1,   1,  1,  1,500,      8232
shex , 100,   1,   1,  1,  1,500,      7310
shacl, 100,   1,   1,  1,  1,500,      9034
shex , 500,   1,   1,  1,  1,500,      6120
shacl, 500,   1,   1,  1,  1,500,      6861
shex , 1000,   1,   1,  1,  1,500,      5449
shacl, 1000,   1,   1,  1,  1,500,      6441
shex ,   1,   5,   1,  1,  1,500,      4735
shacl,   1,   5,   1,  1,  1,500,      7145
shex ,   5,   5,   1,  1,  1,500,      7760
shacl,   5,   5,   1,  1,  1,500,      8573
shex ,  10,   5,   1,  1,  1,500,      5989
shacl,  10,   5,   1,  1,  1,500,      7130
shex ,  50,   5,   1,  1,  1,500,      5506
shacl,  50,   5,   1,  1,  1,500,      5893
shex , 100,   5,   1,  1,  1,500,      4945
shacl, 100,   5,   1,  1,  1,500,      6509
shex , 500,   5,   1,  1,  1,500,      6924
shacl, 500,   5,   1,  1,  1,500,      7910
shex , 1000,   5,   1,  1,  1,500,      6650
shacl, 1000,   5,   1,  1,  1,500,      6594
shex ,   1,  10,   1,  1,  1,500,      7123
shacl,   1,  10,   1,  1,  1,500,      6201
shex ,   5,  10,   1,  1,  1,500,      5004
shacl,   5,  10,   1,  1,  1,500,      5921
shex ,  10,  10,   1,  1,  1,500,      6909
shacl,  10,  10,   1,  1,  1,500,      7785
shex ,  50,  10,   1,  1,  1,500,      7493
shacl,  50,  10,   1,  1,  1,500,      6705
shex , 100,  10,   1,  1,  1,500,      5194
shacl, 100,  10,   1,  1,  1,500,      6583
shex , 500,  10,   1,  1,  1,500,      5064
shacl, 500,  10,   1,  1,  1,500,      5669
shex , 1000,  10,   1,  1,  1,500,      6871
shacl, 1000,  10,   1,  1,  1,500,      8212
shex ,   1,  50,   1,  1,  1,500,      7035
shacl,   1,  50,   1,  1,  1,500,      8183
shex ,   5,  50,   1,  1,  1,500,      6458
shacl,   5,  50,   1,  1,  1,500,      6474
shex ,  10,  50,   1,  1,  1,500,      5887
shacl,  10,  50,   1,  1,  1,500,      5838
shex ,  50,  50,   1,  1,  1,500,      4972
shacl,  50,  50,   1,  1,  1,500,      5768
shex , 100,  50,   1,  1,  1,500,      7224
shacl, 100,  50,   1,  1,  1,500,      7657
shex , 500,  50,   1,  1,  1,500,      7466
shacl, 500,  50,   1,  1,  1,500,      8065
shex , 1000,  50,   1,  1,  1,500,      5298
shacl, 1000,  50,   1,  1,  1,500,      6970
shex ,   1, 100,   1,  1,  1,500,      5250
shacl,   1, 100,   1,  1,  1,500,      6081
shex ,   5, 100,   1,  1,  1,500,      5036
shacl,   5, 100,   1,  1,  1,500,      6553
shex ,  10, 100,   1,  1,  1,500,      6954
shacl,  10, 100,   1,  1,  1,500,      7487
shex ,  50, 100,   1,  1,  1,500,      7329
shacl,  50, 100,   1,  1,  1,500,      7547
shex , 100, 100,   1,  1,  1,500,      7098
shacl, 100, 100,   1,  1,  1,500,      8262
shex , 500, 100,   1,  1,  1,500,      6759
shacl, 500, 100,   1,  1,  1,500,      6193
shex , 1000, 100,   1,  1,  1,500,      5475
shacl, 1000, 100,   1,  1,  1,500,      6025
shex ,   1, 500,   1,  1,  1,500,      5125
shacl,   1, 500,   1,  1,  1,500,      5247
shex ,   5, 500,   1,  1,  1,500,      6963
shacl,   5, 500,   1,  1,  1,500,      7472
shex ,  10, 500,   1,  1,  1,500,      7479
shacl,  10, 500,   1,  1,  1,500,      8077
shex ,  50, 500,   1,  1,  1,500,      7267
shacl,  50, 500,   1,  1,  1,500,      7471
shex , 100, 500,   1,  1,  1,500,      7260
shacl, 100, 500,   1,  1,  1,500,      8674
shex , 500, 500,   1,  1,  1,500,      5362
shacl, 500, 500,   1,  1,  1,500,      7056
shex , 1000, 500,   1,  1,  1,500,      5015
shacl, 1000, 500,   1,  1,  1,500,      5486
shex ,   1, 1000,   1,  1,  1,500,      7233
shacl,   1, 1000,   1,  1,  1,500,      8115
shex ,   5, 1000,   1,  1,  1,500,      7301
shacl,   5, 1000,   1,  1,  1,500,      7647
shex ,  10, 1000,   1,  1,  1,500,      6751
shacl,  10, 1000,   1,  1,  1,500,      5852
shex ,  50, 1000,   1,  1,  1,500,      5123
shacl,  50, 1000,   1,  1,  1,500,      5675
shex , 100, 1000,   1,  1,  1,500,      6876
shacl, 100, 1000,   1,  1,  1,500,      7525
shex , 500, 1000,   1,  1,  1,500,      6966
shacl, 500, 1000,   1,  1,  1,500,      6646
shex , 1000, 1000,   1,  1,  1,500,      5293
shacl, 1000, 1000,   1,  1,  1,500,      5635
shex ,   1,   1,   1,  1,  1,1000,     39496
shacl,   1,   1,   1,  1,  1,1000,     10121
shex ,   5,   1,   1,  1,  1,1000,     31947
shacl,   5,   1,   1,  1,  1,1000,      7620
shex ,  10,   1,   1,  1,  1,1000,     32003
shacl,  10,   1,   1,  1,  1,1000,      9657
shex ,  50,   1,   1,  1,  1,1000,     38569
shacl,  50,   1,   1,  1,  1,1000,      9173
shex , 100,   1,   1,  1,  1,1000,     29043
shacl, 100,   1,   1,  1,  1,1000,      7667
shex , 500,   1,   1,  1,  1,1000,     41188
shacl, 500,   1,   1,  1,  1,1000,     10369
shex , 1000,   1,   1,  1,  1,1000,     30595
shacl, 1000,   1,   1,  1,  1,1000,      7705
shex ,   1,   5,   1,  1,  1,1000,     37930
shacl,   1,   5,   1,  1,  1,1000,     10645
shex ,   5,   5,   1,  1,  1,1000,     37823
shacl,   5,   5,   1,  1,  1,1000,     10389
shex ,  10,   5,   1,  1,  1,1000,     31586
shacl,  10,   5,   1,  1,  1,1000,      7557
shex ,  50,   5,   1,  1,  1,1000,     32023
shacl,  50,   5,   1,  1,  1,1000,     10010
shex , 100,   5,   1,  1,  1,1000,     37947
shacl, 100,   5,   1,  1,  1,1000,     10409
shex , 500,   5,   1,  1,  1,1000,     35015
shacl, 500,   5,   1,  1,  1,1000,      8505
shex , 1000,   5,   1,  1,  1,1000,     30173
shacl, 1000,   5,   1,  1,  1,1000,     10464
shex ,   1,  10,   1,  1,  1,1000,     38341
shacl,   1,  10,   1,  1,  1,1000,      8844
shex ,   5,  10,   1,  1,  1,1000,     30074
shacl,   5,  10,   1,  1,  1,1000,      7064
shex ,  10,  10,   1,  1,  1,1000,     38017
shacl,  10,  10,   1,  1,  1,1000,      9898
shex ,  50,  10,   1,  1,  1,1000,     34155
shacl,  50,  10,   1,  1,  1,1000,      7758
shex , 100,  10,   1,  1,  1,1000,     33464
shacl, 100,  10,   1,  1,  1,1000,      9518
shex , 500,  10,   1,  1,  1,1000,     38629
shacl, 500,  10,   1,  1,  1,1000,      8185
shex , 1000,  10,   1,  1,  1,1000,     26497
shacl, 1000,  10,   1,  1,  1,1000,      9572
shex ,   1,  50,   1,  1,  1,1000,     38579
shacl,   1,  50,   1,  1,  1,1000,     10182
shex ,   5,  50,   1,  1,  1,1000,     31443
shacl,   5,  50,   1,  1,  1,1000,      6919
shex ,  10,  50,   1,  1,  1,1000,     35117
shacl,  10,  50,   1,  1,  1,1000,      9281
shex ,  50,  50,   1,  1,  1,1000,     37836
shacl,  50,  50,   1,  1,  1,1000,     10110
shex , 100,  50,   1,  1,  1,1000,     30040
shacl, 100,  50,   1,  1,  1,1000,      7253
shex , 500,  50,   1,  1,  1,1000,     37128
shacl, 500,  50,   1,  1,  1,1000,      9521
shex , 1000,  50,   1,  1,  1,1000,     38551
shacl, 1000,  50,   1,  1,  1,1000,     10555
shex ,   1, 100,   1,  1,  1,1000,     32462
shacl,   1, 100,   1,  1,  1,1000,      7134
shex ,   5, 100,   1,  1,  1,1000,     30800
shacl,   5, 100,   1,  1,  1,1000,      9258
shex ,  10, 100,   1,  1,  1,1000,     39769
shacl,  10, 100,   1,  1,  1,1000,     10102
shex ,  50, 100,   1,  1,  1,1000,     41357
shacl,  50, 100,   1,  1,  1,1000,      8061
shex , 100, 100,   1,  1,  1,1000,     29278
shacl, 100, 100,   1,  1,  1,1000,      6899
shex , 500, 100,   1,  1,  1,1000,     32024
shacl, 500, 100,   1,  1,  1,1000,     10175
shex , 1000, 100,   1,  1,  1,1000,     38411
shacl, 1000, 100,   1,  1,  1,1000,     10125
shex ,   1, 500,   1,  1,  1,1000,     35352
shacl,   1, 500,   1,  1,  1,1000,      8651
shex ,   5, 500,   1,  1,  1,1000,     27218
shacl,   5, 500,   1,  1,  1,1000,      7760
shex ,  10, 500,   1,  1,  1,1000,     26873
shacl,  10, 500,   1,  1,  1,1000,      9783
shex ,  50, 500,   1,  1,  1,1000,     39610
shacl,  50, 500,   1,  1,  1,1000,      9823
shex , 100, 500,   1,  1,  1,1000,     38211
shacl, 100, 500,   1,  1,  1,1000,      9320
shex , 500, 500,   1,  1,  1,1000,     30833
shacl, 500, 500,   1,  1,  1,1000,      7368
shex , 1000, 500,   1,  1,  1,1000,     27593
shacl, 1000, 500,   1,  1,  1,1000,      7048
shex ,   1, 1000,   1,  1,  1,1000,     26723
shacl,   1, 1000,   1,  1,  1,1000,      6890
shex ,   5, 1000,   1,  1,  1,1000,     25847
shacl,   5, 1000,   1,  1,  1,1000,      7581
shex ,  10, 1000,   1,  1,  1,1000,     27031
shacl,  10, 1000,   1,  1,  1,1000,      6794
shex ,  50, 1000,   1,  1,  1,1000,     40538
shacl,  50, 1000,   1,  1,  1,1000,      9815
shex , 100, 1000,   1,  1,  1,1000,     38159
shacl, 100, 1000,   1,  1,  1,1000,      9887
shex , 500, 1000,   1,  1,  1,1000,     36910
shacl, 500, 1000,   1,  1,  1,1000,      9352
shex , 1000, 1000,   1,  1,  1,1000,     25973
shacl, 1000, 1000,   1,  1,  1,1000,      7673
shex ,   1,   1,   1,  5,  1,  1,       263
shacl error java.lang.StackOverflowError,   1,   1,   1,  5,  1,  1,         0
shex ,   5,   1,   1,  5,  1,  1,       349
shacl error java.lang.StackOverflowError,   5,   1,   1,  5,  1,  1,         0
shex ,  10,   1,   1,  5,  1,  1,       292
shacl error java.lang.StackOverflowError,  10,   1,   1,  5,  1,  1,         0
shex ,  50,   1,   1,  5,  1,  1,       411
shacl error java.lang.StackOverflowError,  50,   1,   1,  5,  1,  1,         0
shex , 100,   1,   1,  5,  1,  1,       288
shacl error java.lang.StackOverflowError, 100,   1,   1,  5,  1,  1,         0
shex , 500,   1,   1,  5,  1,  1,       469
shacl error java.lang.StackOverflowError, 500,   1,   1,  5,  1,  1,         0
shex , 1000,   1,   1,  5,  1,  1,       251
shacl error java.lang.StackOverflowError, 1000,   1,   1,  5,  1,  1,         0
shex ,   1,   5,   1,  5,  1,  1,       290
shacl error java.lang.StackOverflowError,   1,   5,   1,  5,  1,  1,         0
shex ,   5,   5,   1,  5,  1,  1,       427
shacl error java.lang.StackOverflowError,   5,   5,   1,  5,  1,  1,         0
shex ,  10,   5,   1,  5,  1,  1,       294
shacl error java.lang.StackOverflowError,  10,   5,   1,  5,  1,  1,         0
shex ,  50,   5,   1,  5,  1,  1,       458
shacl error java.lang.StackOverflowError,  50,   5,   1,  5,  1,  1,         0
shex , 100,   5,   1,  5,  1,  1,       113
shacl, 100,   5,   1,  5,  1,  1,      3291
shex , 500,   5,   1,  5,  1,  1,       357
shacl error java.lang.StackOverflowError, 500,   5,   1,  5,  1,  1,         0
shex , 1000,   5,   1,  5,  1,  1,       417
shacl error java.lang.StackOverflowError, 1000,   5,   1,  5,  1,  1,         0
shex ,   1,  10,   1,  5,  1,  1,       125
shacl,   1,  10,   1,  5,  1,  1,      3091
shex ,   5,  10,   1,  5,  1,  1,       208
shacl,   5,  10,   1,  5,  1,  1,      2955
shex ,  10,  10,   1,  5,  1,  1,       360
shacl error java.lang.StackOverflowError,  10,  10,   1,  5,  1,  1,         0
shex ,  50,  10,   1,  5,  1,  1,       329
shacl error java.lang.StackOverflowError,  50,  10,   1,  5,  1,  1,         0
shex , 100,  10,   1,  5,  1,  1,       169
shacl, 100,  10,   1,  5,  1,  1,      3923
shex , 500,  10,   1,  5,  1,  1,       444
shacl error java.lang.StackOverflowError, 500,  10,   1,  5,  1,  1,         0
shex , 1000,  10,   1,  5,  1,  1,       151
shacl, 1000,  10,   1,  5,  1,  1,      3925
shex ,   1,  50,   1,  5,  1,  1,       236
shacl,   1,  50,   1,  5,  1,  1,      4003
shex ,   5,  50,   1,  5,  1,  1,       180
shacl,   5,  50,   1,  5,  1,  1,      3751
shex ,  10,  50,   1,  5,  1,  1,       200
shacl,  10,  50,   1,  5,  1,  1,      3827
shex ,  50,  50,   1,  5,  1,  1,       123
shacl,  50,  50,   1,  5,  1,  1,      3649
shex , 100,  50,   1,  5,  1,  1,       174
shacl, 100,  50,   1,  5,  1,  1,      3298
shex , 500,  50,   1,  5,  1,  1,       171
shacl, 500,  50,   1,  5,  1,  1,      2942
shex , 1000,  50,   1,  5,  1,  1,       107
shacl, 1000,  50,   1,  5,  1,  1,      3162
shex ,   1, 100,   1,  5,  1,  1,       140
shacl,   1, 100,   1,  5,  1,  1,      3742
shex ,   5, 100,   1,  5,  1,  1,       191
shacl,   5, 100,   1,  5,  1,  1,      3997
shex ,  10, 100,   1,  5,  1,  1,       191
shacl,  10, 100,   1,  5,  1,  1,      3986
shex ,  50, 100,   1,  5,  1,  1,       218
shacl,  50, 100,   1,  5,  1,  1,      3797
shex , 100, 100,   1,  5,  1,  1,       127
shacl, 100, 100,   1,  5,  1,  1,      3304
shex , 500, 100,   1,  5,  1,  1,       135
shacl, 500, 100,   1,  5,  1,  1,      3625
shex , 1000, 100,   1,  5,  1,  1,       140
shacl, 1000, 100,   1,  5,  1,  1,      3220
shex ,   1, 500,   1,  5,  1,  1,       187
shacl,   1, 500,   1,  5,  1,  1,      3113
shex ,   5, 500,   1,  5,  1,  1,       187
shacl,   5, 500,   1,  5,  1,  1,      2928
shex ,  10, 500,   1,  5,  1,  1,       257
shacl,  10, 500,   1,  5,  1,  1,      3759
shex ,  50, 500,   1,  5,  1,  1,       321
shacl,  50, 500,   1,  5,  1,  1,      4003
shex , 100, 500,   1,  5,  1,  1,       301
shacl, 100, 500,   1,  5,  1,  1,      3962
shex , 500, 500,   1,  5,  1,  1,       268
shacl, 500, 500,   1,  5,  1,  1,      3845
shex , 1000, 500,   1,  5,  1,  1,       181
shacl, 1000, 500,   1,  5,  1,  1,      3093
shex ,   1, 1000,   1,  5,  1,  1,       463
shacl,   1, 1000,   1,  5,  1,  1,      3737
shex ,   5, 1000,   1,  5,  1,  1,       268
shacl,   5, 1000,   1,  5,  1,  1,      3051
shex ,  10, 1000,   1,  5,  1,  1,       288
shacl,  10, 1000,   1,  5,  1,  1,      2889
shex ,  50, 1000,   1,  5,  1,  1,       412
shacl,  50, 1000,   1,  5,  1,  1,      3794
shex , 100, 1000,   1,  5,  1,  1,       418
shacl, 100, 1000,   1,  5,  1,  1,      4209
shex , 500, 1000,   1,  5,  1,  1,       430
shacl, 500, 1000,   1,  5,  1,  1,      3770
shex , 1000, 1000,   1,  5,  1,  1,       463
shacl, 1000, 1000,   1,  5,  1,  1,      4057
shex ,   1,   1,   1,  5,  1,  5,       403
shacl error java.lang.StackOverflowError,   1,   1,   1,  5,  1,  5,         0
shex ,   5,   1,   1,  5,  1,  5,       288
shacl error java.lang.StackOverflowError,   5,   1,   1,  5,  1,  5,         0
shex ,  10,   1,   1,  5,  1,  5,       399
shacl error java.lang.StackOverflowError,  10,   1,   1,  5,  1,  5,         0
shex ,  50,   1,   1,  5,  1,  5,       399
shacl error java.lang.StackOverflowError,  50,   1,   1,  5,  1,  5,         0
shex , 100,   1,   1,  5,  1,  5,       368
shacl error java.lang.StackOverflowError, 100,   1,   1,  5,  1,  5,         0
shex , 500,   1,   1,  5,  1,  5,       308
shacl error java.lang.StackOverflowError, 500,   1,   1,  5,  1,  5,         0
shex , 1000,   1,   1,  5,  1,  5,       399
shacl error java.lang.StackOverflowError, 1000,   1,   1,  5,  1,  5,         0
shex ,   1,   5,   1,  5,  1,  5,       178
shacl,   1,   5,   1,  5,  1,  5,      3781
shex ,   5,   5,   1,  5,  1,  5,       350
shacl error java.lang.StackOverflowError,   5,   5,   1,  5,  1,  5,         0
shex ,  10,   5,   1,  5,  1,  5,       208
shacl,  10,   5,   1,  5,  1,  5,      4083
shex ,  50,   5,   1,  5,  1,  5,       443
shacl error java.lang.StackOverflowError,  50,   5,   1,  5,  1,  5,         0
shex , 100,   5,   1,  5,  1,  5,       451
shacl error java.lang.StackOverflowError, 100,   5,   1,  5,  1,  5,         0
shex , 500,   5,   1,  5,  1,  5,       183
shacl, 500,   5,   1,  5,  1,  5,      3611
shex , 1000,   5,   1,  5,  1,  5,       344
shacl error java.lang.StackOverflowError, 1000,   5,   1,  5,  1,  5,         0
shex ,   1,  10,   1,  5,  1,  5,       437
shacl error java.lang.StackOverflowError,   1,  10,   1,  5,  1,  5,         0
shex ,   5,  10,   1,  5,  1,  5,       312
shacl error java.lang.StackOverflowError,   5,  10,   1,  5,  1,  5,         0
shex ,  10,  10,   1,  5,  1,  5,       217
shacl,  10,  10,   1,  5,  1,  5,      4229
shex ,  50,  10,   1,  5,  1,  5,       505
shacl error java.lang.StackOverflowError,  50,  10,   1,  5,  1,  5,         0
shex , 100,  10,   1,  5,  1,  5,       462
shacl error java.lang.StackOverflowError, 100,  10,   1,  5,  1,  5,         0
shex , 500,  10,   1,  5,  1,  5,       335
shacl error java.lang.StackOverflowError, 500,  10,   1,  5,  1,  5,         0
shex , 1000,  10,   1,  5,  1,  5,       468
shacl error java.lang.StackOverflowError, 1000,  10,   1,  5,  1,  5,         0
shex ,   1,  50,   1,  5,  1,  5,       135
shacl,   1,  50,   1,  5,  1,  5,      3330
shex ,   5,  50,   1,  5,  1,  5,       282
shacl,   5,  50,   1,  5,  1,  5,      3678
shex ,  10,  50,   1,  5,  1,  5,       335
shacl error java.lang.StackOverflowError,  10,  50,   1,  5,  1,  5,         0
shex ,  50,  50,   1,  5,  1,  5,       213
shacl,  50,  50,   1,  5,  1,  5,      4042
shex , 100,  50,   1,  5,  1,  5,       217
shacl, 100,  50,   1,  5,  1,  5,      4045
shex , 500,  50,   1,  5,  1,  5,       349
shacl error java.lang.StackOverflowError, 500,  50,   1,  5,  1,  5,         0
shex , 1000,  50,   1,  5,  1,  5,       128
shacl, 1000,  50,   1,  5,  1,  5,      3806
shex ,   1, 100,   1,  5,  1,  5,       474
shacl error java.lang.StackOverflowError,   1, 100,   1,  5,  1,  5,         0
shex ,   5, 100,   1,  5,  1,  5,       145
shacl,   5, 100,   1,  5,  1,  5,      3370
shex ,  10, 100,   1,  5,  1,  5,       344
shacl error java.lang.StackOverflowError,  10, 100,   1,  5,  1,  5,         0
shex ,  50, 100,   1,  5,  1,  5,       240
shacl,  50, 100,   1,  5,  1,  5,      3729
shex , 100, 100,   1,  5,  1,  5,       261
shacl, 100, 100,   1,  5,  1,  5,      4345
shex , 500, 100,   1,  5,  1,  5,       459
shacl error java.lang.StackOverflowError, 500, 100,   1,  5,  1,  5,         0
shex , 1000, 100,   1,  5,  1,  5,       145
shacl, 1000, 100,   1,  5,  1,  5,      3057
shex ,   1, 500,   1,  5,  1,  5,       281
shacl,   1, 500,   1,  5,  1,  5,      4029
shex ,   5, 500,   1,  5,  1,  5,       275
shacl,   5, 500,   1,  5,  1,  5,      4373
shex ,  10, 500,   1,  5,  1,  5,       297
shacl,  10, 500,   1,  5,  1,  5,      4116
shex ,  50, 500,   1,  5,  1,  5,       306
shacl,  50, 500,   1,  5,  1,  5,      3978
shex , 100, 500,   1,  5,  1,  5,       319
shacl, 100, 500,   1,  5,  1,  5,      3908
shex , 500, 500,   1,  5,  1,  5,       210
shacl, 500, 500,   1,  5,  1,  5,      3212
shex , 1000, 500,   1,  5,  1,  5,       243
shacl, 1000, 500,   1,  5,  1,  5,      3153
shex ,   1, 1000,   1,  5,  1,  5,       262
shacl,   1, 1000,   1,  5,  1,  5,      3208
shex ,   5, 1000,   1,  5,  1,  5,       286
shacl,   5, 1000,   1,  5,  1,  5,      3096
shex ,  10, 1000,   1,  5,  1,  5,       413
shacl,  10, 1000,   1,  5,  1,  5,      4308
shex ,  50, 1000,   1,  5,  1,  5,       472
shacl,  50, 1000,   1,  5,  1,  5,      4124
shex , 100, 1000,   1,  5,  1,  5,       426
shacl, 100, 1000,   1,  5,  1,  5,      4169
shex , 500, 1000,   1,  5,  1,  5,       477
shacl, 500, 1000,   1,  5,  1,  5,      3756
shex , 1000, 1000,   1,  5,  1,  5,       314
shacl, 1000, 1000,   1,  5,  1,  5,      3279
shex ,   1,   1,   1,  5,  1, 10,       463
shacl error java.lang.StackOverflowError,   1,   1,   1,  5,  1, 10,         0
shex ,   5,   1,   1,  5,  1, 10,       509
shacl error java.lang.StackOverflowError,   5,   1,   1,  5,  1, 10,         0
shex ,  10,   1,   1,  5,  1, 10,       426
shacl error java.lang.StackOverflowError,  10,   1,   1,  5,  1, 10,         0
shex ,  50,   1,   1,  5,  1, 10,       320
shacl error java.lang.StackOverflowError,  50,   1,   1,  5,  1, 10,         0
shex , 100,   1,   1,  5,  1, 10,       467
shacl error java.lang.StackOverflowError, 100,   1,   1,  5,  1, 10,         0
shex , 500,   1,   1,  5,  1, 10,       455
shacl error java.lang.StackOverflowError, 500,   1,   1,  5,  1, 10,         0
shex , 1000,   1,   1,  5,  1, 10,       359
shacl error java.lang.StackOverflowError, 1000,   1,   1,  5,  1, 10,         0
shex ,   1,   5,   1,  5,  1, 10,       528
shacl error java.lang.StackOverflowError,   1,   5,   1,  5,  1, 10,         0
shex ,   5,   5,   1,  5,  1, 10,       400
shacl error java.lang.StackOverflowError,   5,   5,   1,  5,  1, 10,         0
shex ,  10,   5,   1,  5,  1, 10,       142
shacl,  10,   5,   1,  5,  1, 10,      3811
shex ,  50,   5,   1,  5,  1, 10,       241
shacl,  50,   5,   1,  5,  1, 10,      4339
shex , 100,   5,   1,  5,  1, 10,       514
shacl error java.lang.StackOverflowError, 100,   5,   1,  5,  1, 10,         0
shex , 500,   5,   1,  5,  1, 10,       656
shacl error java.lang.StackOverflowError, 500,   5,   1,  5,  1, 10,         0
shex , 1000,   5,   1,  5,  1, 10,       448
shacl error java.lang.StackOverflowError, 1000,   5,   1,  5,  1, 10,         0
shex ,   1,  10,   1,  5,  1, 10,       334
shacl error java.lang.StackOverflowError,   1,  10,   1,  5,  1, 10,         0
shex ,   5,  10,   1,  5,  1, 10,       238
shacl,   5,  10,   1,  5,  1, 10,      4056
shex ,  10,  10,   1,  5,  1, 10,       256
shacl,  10,  10,   1,  5,  1, 10,      4305
shex ,  50,  10,   1,  5,  1, 10,       251
shacl,  50,  10,   1,  5,  1, 10,      4206
shex , 100,  10,   1,  5,  1, 10,       230
shacl, 100,  10,   1,  5,  1, 10,      4231
shex , 500,  10,   1,  5,  1, 10,       227
shacl, 500,  10,   1,  5,  1, 10,      3882
shex , 1000,  10,   1,  5,  1, 10,       543
shacl error java.lang.StackOverflowError, 1000,  10,   1,  5,  1, 10,         0
shex ,   1,  50,   1,  5,  1, 10,       150
shacl,   1,  50,   1,  5,  1, 10,      3584
shex ,   5,  50,   1,  5,  1, 10,       513
shacl error java.lang.StackOverflowError,   5,  50,   1,  5,  1, 10,         0
shex ,  10,  50,   1,  5,  1, 10,       272
shacl,  10,  50,   1,  5,  1, 10,      4108
shex ,  50,  50,   1,  5,  1, 10,       550
shacl error java.lang.StackOverflowError,  50,  50,   1,  5,  1, 10,         0
shex , 100,  50,   1,  5,  1, 10,       148
shacl, 100,  50,   1,  5,  1, 10,      3227
shex , 500,  50,   1,  5,  1, 10,       180
shacl, 500,  50,   1,  5,  1, 10,      3505
shex , 1000,  50,   1,  5,  1, 10,       292
shacl, 1000,  50,   1,  5,  1, 10,      4278
shex ,   1, 100,   1,  5,  1, 10,       262
shacl,   1, 100,   1,  5,  1, 10,      4238
shex ,   5, 100,   1,  5,  1, 10,       276
shacl,   5, 100,   1,  5,  1, 10,      3940
shex ,  10, 100,   1,  5,  1, 10,       283
shacl,  10, 100,   1,  5,  1, 10,      4156
shex ,  50, 100,   1,  5,  1, 10,       255
shacl,  50, 100,   1,  5,  1, 10,      4290
shex , 100, 100,   1,  5,  1, 10,       260
shacl, 100, 100,   1,  5,  1, 10,      4109
shex , 500, 100,   1,  5,  1, 10,       255
shacl, 500, 100,   1,  5,  1, 10,      4280
shex , 1000, 100,   1,  5,  1, 10,       271
shacl, 1000, 100,   1,  5,  1, 10,      4200
shex ,   1, 500,   1,  5,  1, 10,       321
shacl,   1, 500,   1,  5,  1, 10,      3518
shex ,   5, 500,   1,  5,  1, 10,       232
shacl,   5, 500,   1,  5,  1, 10,      3477
shex ,  10, 500,   1,  5,  1, 10,       257
shacl,  10, 500,   1,  5,  1, 10,      3158
shex ,  50, 500,   1,  5,  1, 10,       220
shacl,  50, 500,   1,  5,  1, 10,      3156
shex , 100, 500,   1,  5,  1, 10,       211
shacl, 100, 500,   1,  5,  1, 10,      3275
shex , 500, 500,   1,  5,  1, 10,       450
shacl, 500, 500,   1,  5,  1, 10,      4003
shex , 1000, 500,   1,  5,  1, 10,       311
shacl, 1000, 500,   1,  5,  1, 10,      4325
shex ,   1, 1000,   1,  5,  1, 10,       441
shacl,   1, 1000,   1,  5,  1, 10,      3933
shex ,   5, 1000,   1,  5,  1, 10,       463
shacl,   5, 1000,   1,  5,  1, 10,      4508
shex ,  10, 1000,   1,  5,  1, 10,       473
shacl,  10, 1000,   1,  5,  1, 10,      4119
shex ,  50, 1000,   1,  5,  1, 10,       517
shacl,  50, 1000,   1,  5,  1, 10,      4201
shex , 100, 1000,   1,  5,  1, 10,       495
shacl, 100, 1000,   1,  5,  1, 10,      3986
shex , 500, 1000,   1,  5,  1, 10,       425
shacl, 500, 1000,   1,  5,  1, 10,      4213
shex , 1000, 1000,   1,  5,  1, 10,       393
shacl, 1000, 1000,   1,  5,  1, 10,      3520
shex ,   1,   1,   1,  5,  1, 50,       639
shacl error java.lang.StackOverflowError,   1,   1,   1,  5,  1, 50,         0
shex ,   5,   1,   1,  5,  1, 50,       821
shacl error java.lang.StackOverflowError,   5,   1,   1,  5,  1, 50,         0
shex ,  10,   1,   1,  5,  1, 50,       722
shacl error java.lang.StackOverflowError,  10,   1,   1,  5,  1, 50,         0
shex ,  50,   1,   1,  5,  1, 50,       701
shacl error java.lang.StackOverflowError,  50,   1,   1,  5,  1, 50,         0
shex , 100,   1,   1,  5,  1, 50,       526
shacl error java.lang.StackOverflowError, 100,   1,   1,  5,  1, 50,         0
shex , 500,   1,   1,  5,  1, 50,       803
shacl error java.lang.StackOverflowError, 500,   1,   1,  5,  1, 50,         0
shex , 1000,   1,   1,  5,  1, 50,       773
shacl error java.lang.StackOverflowError, 1000,   1,   1,  5,  1, 50,         0
shex ,   1,   5,   1,  5,  1, 50,       632
shacl error java.lang.StackOverflowError,   1,   5,   1,  5,  1, 50,         0
shex ,   5,   5,   1,  5,  1, 50,       388
shacl,   5,   5,   1,  5,  1, 50,      3384
shex ,  10,   5,   1,  5,  1, 50,       549
shacl error java.lang.StackOverflowError,  10,   5,   1,  5,  1, 50,         0
shex ,  50,   5,   1,  5,  1, 50,       534
shacl error java.lang.StackOverflowError,  50,   5,   1,  5,  1, 50,         0
shex , 100,   5,   1,  5,  1, 50,       867
shacl error java.lang.StackOverflowError, 100,   5,   1,  5,  1, 50,         0
shex , 500,   5,   1,  5,  1, 50,       580
shacl, 500,   5,   1,  5,  1, 50,      4723
shex , 1000,   5,   1,  5,  1, 50,       761
shacl error java.lang.StackOverflowError, 1000,   5,   1,  5,  1, 50,         0
shex ,   1,  10,   1,  5,  1, 50,       657
shacl,   1,  10,   1,  5,  1, 50,      4747
shex ,   5,  10,   1,  5,  1, 50,       768
shacl error java.lang.StackOverflowError,   5,  10,   1,  5,  1, 50,         0
shex ,  10,  10,   1,  5,  1, 50,       398
shacl,  10,  10,   1,  5,  1, 50,      3615
shex ,  50,  10,   1,  5,  1, 50,       380
shacl,  50,  10,   1,  5,  1, 50,      3334
shex , 100,  10,   1,  5,  1, 50,       609
shacl error java.lang.StackOverflowError, 100,  10,   1,  5,  1, 50,         0
shex , 500,  10,   1,  5,  1, 50,       521
shacl error java.lang.StackOverflowError, 500,  10,   1,  5,  1, 50,         0
shex , 1000,  10,   1,  5,  1, 50,       564
shacl error java.lang.StackOverflowError, 1000,  10,   1,  5,  1, 50,         0
shex ,   1,  50,   1,  5,  1, 50,       424
shacl,   1,  50,   1,  5,  1, 50,      3608
shex ,   5,  50,   1,  5,  1, 50,       410
shacl,   5,  50,   1,  5,  1, 50,      3480
shex ,  10,  50,   1,  5,  1, 50,       403
shacl,  10,  50,   1,  5,  1, 50,      3648
shex ,  50,  50,   1,  5,  1, 50,       373
shacl,  50,  50,   1,  5,  1, 50,      4152
shex , 100,  50,   1,  5,  1, 50,       601
shacl, 100,  50,   1,  5,  1, 50,      4699
shex , 500,  50,   1,  5,  1, 50,       548
shacl, 500,  50,   1,  5,  1, 50,      4587
shex , 1000,  50,   1,  5,  1, 50,       544
shacl, 1000,  50,   1,  5,  1, 50,      4940
shex ,   1, 100,   1,  5,  1, 50,       618
shacl,   1, 100,   1,  5,  1, 50,      4631
shex ,   5, 100,   1,  5,  1, 50,       829
shacl error java.lang.StackOverflowError,   5, 100,   1,  5,  1, 50,         0
shex ,  10, 100,   1,  5,  1, 50,       705
shacl,  10, 100,   1,  5,  1, 50,      4643
shex ,  50, 100,   1,  5,  1, 50,       635
shacl,  50, 100,   1,  5,  1, 50,      4334
shex , 100, 100,   1,  5,  1, 50,       624
shacl, 100, 100,   1,  5,  1, 50,      5073
shex , 500, 100,   1,  5,  1, 50,       531
shacl, 500, 100,   1,  5,  1, 50,      4818
shex , 1000, 100,   1,  5,  1, 50,       582
shacl, 1000, 100,   1,  5,  1, 50,      4908
shex ,   1, 500,   1,  5,  1, 50,       727
shacl,   1, 500,   1,  5,  1, 50,      4767
shex ,   5, 500,   1,  5,  1, 50,       690
shacl,   5, 500,   1,  5,  1, 50,      4853
shex ,  10, 500,   1,  5,  1, 50,       704
shacl,  10, 500,   1,  5,  1, 50,      5102
shex ,  50, 500,   1,  5,  1, 50,       501
shacl,  50, 500,   1,  5,  1, 50,      3927
shex , 100, 500,   1,  5,  1, 50,       905
shacl, 100, 500,   1,  5,  1, 50,      4255
shex , 500, 500,   1,  5,  1, 50,       440
shacl, 500, 500,   1,  5,  1, 50,      3618
shex , 1000, 500,   1,  5,  1, 50,       433
shacl, 1000, 500,   1,  5,  1, 50,      3281
shex ,   1, 1000,   1,  5,  1, 50,       803
shacl,   1, 1000,   1,  5,  1, 50,      4595
shex ,   5, 1000,   1,  5,  1, 50,       835
shacl,   5, 1000,   1,  5,  1, 50,      4423
shex ,  10, 1000,   1,  5,  1, 50,       874
shacl,  10, 1000,   1,  5,  1, 50,      4871
shex ,  50, 1000,   1,  5,  1, 50,       718
shacl,  50, 1000,   1,  5,  1, 50,      4449
shex , 100, 1000,   1,  5,  1, 50,       825
shacl, 100, 1000,   1,  5,  1, 50,      4275
shex , 500, 1000,   1,  5,  1, 50,       642
shacl, 500, 1000,   1,  5,  1, 50,      4557
shex , 1000, 1000,   1,  5,  1, 50,       606
shacl, 1000, 1000,   1,  5,  1, 50,      3485
shex ,   1,   1,   1,  5,  1,100,       829
shacl error java.lang.StackOverflowError,   1,   1,   1,  5,  1,100,         0
shex ,   5,   1,   1,  5,  1,100,      1249
shacl error java.lang.StackOverflowError,   5,   1,   1,  5,  1,100,         0
shex ,  10,   1,   1,  5,  1,100,      1286
shacl error java.lang.StackOverflowError,  10,   1,   1,  5,  1,100,         0
shex ,  50,   1,   1,  5,  1,100,      1130
shacl error java.lang.StackOverflowError,  50,   1,   1,  5,  1,100,         0
shex , 100,   1,   1,  5,  1,100,      1225
shacl error java.lang.StackOverflowError, 100,   1,   1,  5,  1,100,         0
shex , 500,   1,   1,  5,  1,100,       845
shacl error java.lang.StackOverflowError, 500,   1,   1,  5,  1,100,         0
shex , 1000,   1,   1,  5,  1,100,      1269
shacl error java.lang.StackOverflowError, 1000,   1,   1,  5,  1,100,         0
shex ,   1,   5,   1,  5,  1,100,       854
shacl error java.lang.StackOverflowError,   1,   5,   1,  5,  1,100,         0
shex ,   5,   5,   1,  5,  1,100,       747
shacl error java.lang.StackOverflowError,   5,   5,   1,  5,  1,100,         0
shex ,  10,   5,   1,  5,  1,100,      1230
shacl error java.lang.StackOverflowError,  10,   5,   1,  5,  1,100,         0
shex ,  50,   5,   1,  5,  1,100,      1059
shacl,  50,   5,   1,  5,  1,100,      4487
shex , 100,   5,   1,  5,  1,100,       803
shacl, 100,   5,   1,  5,  1,100,      4078
shex , 500,   5,   1,  5,  1,100,       818
shacl error java.lang.StackOverflowError, 500,   5,   1,  5,  1,100,         0
shex , 1000,   5,   1,  5,  1,100,      1252
shacl error java.lang.StackOverflowError, 1000,   5,   1,  5,  1,100,         0
shex ,   1,  10,   1,  5,  1,100,      1195
shacl error java.lang.StackOverflowError,   1,  10,   1,  5,  1,100,         0
shex ,   5,  10,   1,  5,  1,100,       938
shacl error java.lang.StackOverflowError,   5,  10,   1,  5,  1,100,         0
shex ,  10,  10,   1,  5,  1,100,       786
shacl,  10,  10,   1,  5,  1,100,      4935
shex ,  50,  10,   1,  5,  1,100,      1006
shacl,  50,  10,   1,  5,  1,100,      5202
shex , 100,  10,   1,  5,  1,100,      1038
shacl, 100,  10,   1,  5,  1,100,      5700
shex , 500,  10,   1,  5,  1,100,      1327
shacl error java.lang.StackOverflowError, 500,  10,   1,  5,  1,100,         0
shex , 1000,  10,   1,  5,  1,100,       953
shacl, 1000,  10,   1,  5,  1,100,      4982
shex ,   1,  50,   1,  5,  1,100,       975
shacl,   1,  50,   1,  5,  1,100,      4667
shex ,   5,  50,   1,  5,  1,100,      1062
shacl,   5,  50,   1,  5,  1,100,      4875
shex ,  10,  50,   1,  5,  1,100,       721
shacl,  10,  50,   1,  5,  1,100,      4116
shex ,  50,  50,   1,  5,  1,100,       616
shacl,  50,  50,   1,  5,  1,100,      4008
