shex ,   1,   1,   1,  1,  1,  1,       228
shacl,   1,   1,   1,  1,  1,  1,      4999
shex ,   5,   1,   1,  1,  1,  1,       166
shacl,   5,   1,   1,  1,  1,  1,      3964
shex ,  10,   1,   1,  1,  1,  1,       217
shacl,  10,   1,   1,  1,  1,  1,      4149
shex ,  50,   1,   1,  1,  1,  1,       147
shacl,  50,   1,   1,  1,  1,  1,      3666
shex , 100,   1,   1,  1,  1,  1,       146
shacl, 100,   1,   1,  1,  1,  1,      3591
shex , 500,   1,   1,  1,  1,  1,       147
shacl, 500,   1,   1,  1,  1,  1,      3561
shex , 1000,   1,   1,  1,  1,  1,       230
shacl, 1000,   1,   1,  1,  1,  1,      4581
shex ,   1,   5,   1,  1,  1,  1,       188
shacl,   1,   5,   1,  1,  1,  1,      3940
shex ,   5,   5,   1,  1,  1,  1,       285
shacl,   5,   5,   1,  1,  1,  1,      4730
shex ,  10,   5,   1,  1,  1,  1,       207
shacl,  10,   5,   1,  1,  1,  1,      4284
shex ,  50,   5,   1,  1,  1,  1,       212
shacl,  50,   5,   1,  1,  1,  1,      4045
shex , 100,   5,   1,  1,  1,  1,       205
shacl, 100,   5,   1,  1,  1,  1,      4225
shex , 500,   5,   1,  1,  1,  1,       180
shacl, 500,   5,   1,  1,  1,  1,      3842
shex , 1000,   5,   1,  1,  1,  1,       239
shacl, 1000,   5,   1,  1,  1,  1,      4465
shex ,   1,  10,   1,  1,  1,  1,       155
shacl,   1,  10,   1,  1,  1,  1,      3745
shex ,   5,  10,   1,  1,  1,  1,       119
shacl,   5,  10,   1,  1,  1,  1,      3974
shex ,  10,  10,   1,  1,  1,  1,       116
shacl,  10,  10,   1,  1,  1,  1,      3150
shex ,  50,  10,   1,  1,  1,  1,       109
shacl,  50,  10,   1,  1,  1,  1,      3054
shex , 100,  10,   1,  1,  1,  1,       106
shacl, 100,  10,   1,  1,  1,  1,      3137
shex , 500,  10,   1,  1,  1,  1,       106
shacl, 500,  10,   1,  1,  1,  1,      3770
shex , 1000,  10,   1,  1,  1,  1,       178
shacl, 1000,  10,   1,  1,  1,  1,      4157
shex ,   1,  50,   1,  1,  1,  1,       202
shacl,   1,  50,   1,  1,  1,  1,      4168
shex ,   5,  50,   1,  1,  1,  1,       186
shacl,   5,  50,   1,  1,  1,  1,      4019
shex ,  10,  50,   1,  1,  1,  1,       185
shacl,  10,  50,   1,  1,  1,  1,      4015
shex ,  50,  50,   1,  1,  1,  1,       187
shacl,  50,  50,   1,  1,  1,  1,      4061
shex , 100,  50,   1,  1,  1,  1,       187
shacl, 100,  50,   1,  1,  1,  1,      4000
shex , 500,  50,   1,  1,  1,  1,       234
shacl, 500,  50,   1,  1,  1,  1,      4012
shex , 1000,  50,   1,  1,  1,  1,       109
shacl, 1000,  50,   1,  1,  1,  1,      3534
shex ,   1, 100,   1,  1,  1,  1,       129
shacl,   1, 100,   1,  1,  1,  1,      4210
shex ,   5, 100,   1,  1,  1,  1,       125
shacl,   5, 100,   1,  1,  1,  1,      2956
shex ,  10, 100,   1,  1,  1,  1,       126
shacl,  10, 100,   1,  1,  1,  1,      2999
shex ,  50, 100,   1,  1,  1,  1,       118
shacl,  50, 100,   1,  1,  1,  1,      2834
shex , 100, 100,   1,  1,  1,  1,       167
shacl, 100, 100,   1,  1,  1,  1,      3849
shex , 500, 100,   1,  1,  1,  1,       197
shacl, 500, 100,   1,  1,  1,  1,      4001
shex , 1000, 100,   1,  1,  1,  1,       192
shacl, 1000, 100,   1,  1,  1,  1,      4121
shex ,   1, 500,   1,  1,  1,  1,       257
shacl,   1, 500,   1,  1,  1,  1,      3791
shex ,   5, 500,   1,  1,  1,  1,       311
shacl,   5, 500,   1,  1,  1,  1,      4134
shex ,  10, 500,   1,  1,  1,  1,       284
shacl,  10, 500,   1,  1,  1,  1,      4307
shex ,  50, 500,   1,  1,  1,  1,       273
shacl,  50, 500,   1,  1,  1,  1,      4276
shex , 100, 500,   1,  1,  1,  1,       261
shacl, 100, 500,   1,  1,  1,  1,      3534
shex , 500, 500,   1,  1,  1,  1,       185
shacl, 500, 500,   1,  1,  1,  1,      3229
shex , 1000, 500,   1,  1,  1,  1,       206
shacl, 1000, 500,   1,  1,  1,  1,      3191
shex ,   1, 1000,   1,  1,  1,  1,       295
shacl,   1, 1000,   1,  1,  1,  1,      3133
shex ,   5, 1000,   1,  1,  1,  1,       284
shacl,   5, 1000,   1,  1,  1,  1,      3612
shex ,  10, 1000,   1,  1,  1,  1,       428
shacl,  10, 1000,   1,  1,  1,  1,      4013
shex ,  50, 1000,   1,  1,  1,  1,       493
shacl,  50, 1000,   1,  1,  1,  1,      3785
shex , 100, 1000,   1,  1,  1,  1,       421
shacl, 100, 1000,   1,  1,  1,  1,      4162
shex , 500, 1000,   1,  1,  1,  1,       445
shacl, 500, 1000,   1,  1,  1,  1,      3692
shex , 1000, 1000,   1,  1,  1,  1,       410
shacl, 1000, 1000,   1,  1,  1,  1,      3997
shex ,   1,   1,   1,  1,  1,  5,       278
shacl,   1,   1,   1,  1,  1,  5,      4592
shex ,   5,   1,   1,  1,  1,  5,       180
shacl,   5,   1,   1,  1,  1,  5,      4111
shex ,  10,   1,   1,  1,  1,  5,       174
shacl,  10,   1,   1,  1,  1,  5,      3685
shex ,  50,   1,   1,  1,  1,  5,       161
shacl,  50,   1,   1,  1,  1,  5,      3630
shex , 100,   1,   1,  1,  1,  5,       154
shacl, 100,   1,   1,  1,  1,  5,      3940
shex , 500,   1,   1,  1,  1,  5,       162
shacl, 500,   1,   1,  1,  1,  5,      3348
shex , 1000,   1,   1,  1,  1,  5,       275
shacl, 1000,   1,   1,  1,  1,  5,      4561
shex ,   1,   5,   1,  1,  1,  5,       207
shacl,   1,   5,   1,  1,  1,  5,      4186
shex ,   5,   5,   1,  1,  1,  5,       209
shacl,   5,   5,   1,  1,  1,  5,      4443
shex ,  10,   5,   1,  1,  1,  5,       211
shacl,  10,   5,   1,  1,  1,  5,      4079
shex ,  50,   5,   1,  1,  1,  5,       217
shacl,  50,   5,   1,  1,  1,  5,      4148
shex , 100,   5,   1,  1,  1,  5,       227
shacl, 100,   5,   1,  1,  1,  5,      3824
shex , 500,   5,   1,  1,  1,  5,       209
shacl, 500,   5,   1,  1,  1,  5,      3888
shex , 1000,   5,   1,  1,  1,  5,       210
shacl, 1000,   5,   1,  1,  1,  5,      3852
shex ,   1,  10,   1,  1,  1,  5,       145
shacl,   1,  10,   1,  1,  1,  5,      3734
shex ,   5,  10,   1,  1,  1,  5,       203
shacl,   5,  10,   1,  1,  1,  5,      4075
shex ,  10,  10,   1,  1,  1,  5,       136
shacl,  10,  10,   1,  1,  1,  5,      3207
shex ,  50,  10,   1,  1,  1,  5,       133
shacl,  50,  10,   1,  1,  1,  5,      3319
shex , 100,  10,   1,  1,  1,  5,       128
shacl, 100,  10,   1,  1,  1,  5,      3206
shex , 500,  10,   1,  1,  1,  5,       133
shacl, 500,  10,   1,  1,  1,  5,      3149
shex , 1000,  10,   1,  1,  1,  5,       126
shacl, 1000,  10,   1,  1,  1,  5,      3042
shex ,   1,  50,   1,  1,  1,  5,       192
shacl,   1,  50,   1,  1,  1,  5,      3943
shex ,   5,  50,   1,  1,  1,  5,       204
shacl,   5,  50,   1,  1,  1,  5,      4006
shex ,  10,  50,   1,  1,  1,  5,       204
shacl,  10,  50,   1,  1,  1,  5,      3951
shex ,  50,  50,   1,  1,  1,  5,       211
shacl,  50,  50,   1,  1,  1,  5,      4245
shex , 100,  50,   1,  1,  1,  5,       239
shacl, 100,  50,   1,  1,  1,  5,      4411
shex , 500,  50,   1,  1,  1,  5,       215
shacl, 500,  50,   1,  1,  1,  5,      4269
shex , 1000,  50,   1,  1,  1,  5,       209
shacl, 1000,  50,   1,  1,  1,  5,      4622
shex ,   1, 100,   1,  1,  1,  5,       257
shacl,   1, 100,   1,  1,  1,  5,      4539
shex ,   5, 100,   1,  1,  1,  5,       246
shacl,   5, 100,   1,  1,  1,  5,      3787
shex ,  10, 100,   1,  1,  1,  5,       225
shacl,  10, 100,   1,  1,  1,  5,      3965
shex ,  50, 100,   1,  1,  1,  5,       246
shacl,  50, 100,   1,  1,  1,  5,      3486
shex , 100, 100,   1,  1,  1,  5,       234
shacl, 100, 100,   1,  1,  1,  5,      4136
shex , 500, 100,   1,  1,  1,  5,       133
shacl, 500, 100,   1,  1,  1,  5,      3293
shex , 1000, 100,   1,  1,  1,  5,       166
shacl, 1000, 100,   1,  1,  1,  5,      3424
shex ,   1, 500,   1,  1,  1,  5,       205
shacl,   1, 500,   1,  1,  1,  5,      3320
shex ,   5, 500,   1,  1,  1,  5,       200
shacl,   5, 500,   1,  1,  1,  5,      3271
shex ,  10, 500,   1,  1,  1,  5,       211
shacl,  10, 500,   1,  1,  1,  5,      3110
shex ,  50, 500,   1,  1,  1,  5,       221
shacl,  50, 500,   1,  1,  1,  5,      3411
shex , 100, 500,   1,  1,  1,  5,       300
shacl, 100, 500,   1,  1,  1,  5,      3875
shex , 500, 500,   1,  1,  1,  5,       294
shacl, 500, 500,   1,  1,  1,  5,      4247
shex , 1000, 500,   1,  1,  1,  5,       323
shacl, 1000, 500,   1,  1,  1,  5,      4192
shex ,   1, 1000,   1,  1,  1,  5,       492
shacl,   1, 1000,   1,  1,  1,  5,      4085
shex ,   5, 1000,   1,  1,  1,  5,       416
shacl,   5, 1000,   1,  1,  1,  5,      4214
shex ,  10, 1000,   1,  1,  1,  5,       423
shacl,  10, 1000,   1,  1,  1,  5,      4145
shex ,  50, 1000,   1,  1,  1,  5,       481
shacl,  50, 1000,   1,  1,  1,  5,      3825
shex , 100, 1000,   1,  1,  1,  5,       472
shacl, 100, 1000,   1,  1,  1,  5,      4083
shex , 500, 1000,   1,  1,  1,  5,       397
shacl, 500, 1000,   1,  1,  1,  5,      4254
shex , 1000, 1000,   1,  1,  1,  5,       479
shacl, 1000, 1000,   1,  1,  1,  5,      4260
shex ,   1,   1,   1,  1,  1, 10,       310
shacl,   1,   1,   1,  1,  1, 10,      4445
shex ,   5,   1,   1,  1,  1, 10,       205
shacl,   5,   1,   1,  1,  1, 10,      4199
shex ,  10,   1,   1,  1,  1, 10,       207
shacl,  10,   1,   1,  1,  1, 10,      4155
shex ,  50,   1,   1,  1,  1, 10,       188
shacl,  50,   1,   1,  1,  1, 10,      3885
shex , 100,   1,   1,  1,  1, 10,       187
shacl, 100,   1,   1,  1,  1, 10,      3377
shex , 500,   1,   1,  1,  1, 10,       209
shacl, 500,   1,   1,  1,  1, 10,      3831
shex , 1000,   1,   1,  1,  1, 10,       184
shacl, 1000,   1,   1,  1,  1, 10,      3360
shex ,   1,   5,   1,  1,  1, 10,       191
shacl,   1,   5,   1,  1,  1, 10,      3728
shex ,   5,   5,   1,  1,  1, 10,       154
shacl,   5,   5,   1,  1,  1, 10,      3574
shex ,  10,   5,   1,  1,  1, 10,       167
shacl,  10,   5,   1,  1,  1, 10,      2916
shex ,  50,   5,   1,  1,  1, 10,       139
shacl,  50,   5,   1,  1,  1, 10,      3519
shex , 100,   5,   1,  1,  1, 10,       175
shacl, 100,   5,   1,  1,  1, 10,      3397
shex , 500,   5,   1,  1,  1, 10,       144
shacl, 500,   5,   1,  1,  1, 10,      3652
shex , 1000,   5,   1,  1,  1, 10,       153
shacl, 1000,   5,   1,  1,  1, 10,      3198
shex ,   1,  10,   1,  1,  1, 10,       146
shacl,   1,  10,   1,  1,  1, 10,      3074
shex ,   5,  10,   1,  1,  1, 10,       152
shacl,   5,  10,   1,  1,  1, 10,      4160
shex ,  10,  10,   1,  1,  1, 10,       227
shacl,  10,  10,   1,  1,  1, 10,      4322
shex ,  50,  10,   1,  1,  1, 10,       251
shacl,  50,  10,   1,  1,  1, 10,      4125
shex , 100,  10,   1,  1,  1, 10,       266
shacl, 100,  10,   1,  1,  1, 10,      4043
shex , 500,  10,   1,  1,  1, 10,       264
shacl, 500,  10,   1,  1,  1, 10,      4259
shex , 1000,  10,   1,  1,  1, 10,       253
shacl, 1000,  10,   1,  1,  1, 10,      4563
shex ,   1,  50,   1,  1,  1, 10,       243
shacl,   1,  50,   1,  1,  1, 10,      3892
shex ,   5,  50,   1,  1,  1, 10,       239
shacl,   5,  50,   1,  1,  1, 10,      4278
shex ,  10,  50,   1,  1,  1, 10,       246
shacl,  10,  50,   1,  1,  1, 10,      4257
shex ,  50,  50,   1,  1,  1, 10,       331
shacl,  50,  50,   1,  1,  1, 10,      4931
shex , 100,  50,   1,  1,  1, 10,       271
shacl, 100,  50,   1,  1,  1, 10,      3950
shex , 500,  50,   1,  1,  1, 10,       287
shacl, 500,  50,   1,  1,  1, 10,      3463
shex , 1000,  50,   1,  1,  1, 10,       195
shacl, 1000,  50,   1,  1,  1, 10,      3406
shex ,   1, 100,   1,  1,  1, 10,       170
shacl,   1, 100,   1,  1,  1, 10,      3355
shex ,   5, 100,   1,  1,  1, 10,       162
shacl,   5, 100,   1,  1,  1, 10,      3341
shex ,  10, 100,   1,  1,  1, 10,       159
shacl,  10, 100,   1,  1,  1, 10,      3063
shex ,  50, 100,   1,  1,  1, 10,       156
shacl,  50, 100,   1,  1,  1, 10,      2948
shex , 100, 100,   1,  1,  1, 10,       158
shacl, 100, 100,   1,  1,  1, 10,      3208
shex , 500, 100,   1,  1,  1, 10,       164
shacl, 500, 100,   1,  1,  1, 10,      3164
shex , 1000, 100,   1,  1,  1, 10,       161
shacl, 1000, 100,   1,  1,  1, 10,      3034
shex ,   1, 500,   1,  1,  1, 10,       213
shacl,   1, 500,   1,  1,  1, 10,      3281
shex ,   5, 500,   1,  1,  1, 10,       328
shacl,   5, 500,   1,  1,  1, 10,      4066
shex ,  10, 500,   1,  1,  1, 10,       358
shacl,  10, 500,   1,  1,  1, 10,      4500
shex ,  50, 500,   1,  1,  1, 10,       321
shacl,  50, 500,   1,  1,  1, 10,      4085
shex , 100, 500,   1,  1,  1, 10,       363
shacl, 100, 500,   1,  1,  1, 10,      3937
shex , 500, 500,   1,  1,  1, 10,       336
shacl, 500, 500,   1,  1,  1, 10,      4178
shex , 1000, 500,   1,  1,  1, 10,       327
shacl, 1000, 500,   1,  1,  1, 10,      4285
shex ,   1, 1000,   1,  1,  1, 10,       449
shacl,   1, 1000,   1,  1,  1, 10,      4129
shex ,   5, 1000,   1,  1,  1, 10,       486
shacl,   5, 1000,   1,  1,  1, 10,      4235
shex ,  10, 1000,   1,  1,  1, 10,       484
shacl,  10, 1000,   1,  1,  1, 10,      4143
shex ,  50, 1000,   1,  1,  1, 10,       483
shacl,  50, 1000,   1,  1,  1, 10,      4091
shex , 100, 1000,   1,  1,  1, 10,       413
shacl, 100, 1000,   1,  1,  1, 10,      4314
shex , 500, 1000,   1,  1,  1, 10,       510
shacl, 500, 1000,   1,  1,  1, 10,      4007
shex , 1000, 1000,   1,  1,  1, 10,       347
shacl, 1000, 1000,   1,  1,  1, 10,      3433
shex ,   1,   1,   1,  1,  1, 50,       719
shacl,   1,   1,   1,  1,  1, 50,      4237
shex ,   5,   1,   1,  1,  1, 50,       475
shacl,   5,   1,   1,  1,  1, 50,      4251
shex ,  10,   1,   1,  1,  1, 50,       448
shacl,  10,   1,   1,  1,  1, 50,      4627
shex ,  50,   1,   1,  1,  1, 50,       701
shacl,  50,   1,   1,  1,  1, 50,      5600
shex , 100,   1,   1,  1,  1, 50,       592
shacl, 100,   1,   1,  1,  1, 50,      5341
shex , 500,   1,   1,  1,  1, 50,       665
shacl, 500,   1,   1,  1,  1, 50,      4262
shex , 1000,   1,   1,  1,  1, 50,       519
shacl, 1000,   1,   1,  1,  1, 50,      4899
shex ,   1,   5,   1,  1,  1, 50,       390
shacl,   1,   5,   1,  1,  1, 50,      3727
shex ,   5,   5,   1,  1,  1, 50,       489
shacl,   5,   5,   1,  1,  1, 50,      3946
shex ,  10,   5,   1,  1,  1, 50,       440
shacl,  10,   5,   1,  1,  1, 50,      4303
shex ,  50,   5,   1,  1,  1, 50,       574
shacl,  50,   5,   1,  1,  1, 50,      4984
shex , 100,   5,   1,  1,  1, 50,       560
shacl, 100,   5,   1,  1,  1, 50,      4756
shex , 500,   5,   1,  1,  1, 50,       610
shacl, 500,   5,   1,  1,  1, 50,      4270
shex , 1000,   5,   1,  1,  1, 50,       460
shacl, 1000,   5,   1,  1,  1, 50,      4000
shex ,   1,  10,   1,  1,  1, 50,       412
shacl,   1,  10,   1,  1,  1, 50,      3868
shex ,   5,  10,   1,  1,  1, 50,       399
shacl,   5,  10,   1,  1,  1, 50,      3529
shex ,  10,  10,   1,  1,  1, 50,       373
shacl,  10,  10,   1,  1,  1, 50,      3403
shex ,  50,  10,   1,  1,  1, 50,       629
